98
99
72
102
122
95
147
96
109
87
109
123
94
125
126
123
90
151
111
147
111
147
139
145
90
150
111
158
111
158
140
146
41
97
46
44
46
44
72
18
72
18
101
5
100
4
155
20
155
20
183
50
183
50
185
93
56
108
56
59
56
59
78
34
78
34
104
37
104
37
136
28
136
28
156
70
157
73
170
106
54
110
66
157
66
157
83
183
83
183
115
198
115
198
148
184
148
184
169
148
169
148
167
103
54
108
40
99
40
99
56
147
56
147
62
147
170
104
181
91
182
91
173
137
173
137
167
132
82
192
71
208
71
208
5
242
168
164
185
177
184
176
217
195
82
190
88
206
88
209
113
229
115
226
163
178
