51
121
60
171
60
171
88
203
88
205
104
206
105
206
126
206
130
206
153
184
153
184
158
176
158
176
164
148
165
145
169
117
169
114
164
83
164
83
157
65
157
65
141
50
94
43
137
50
91
43
70
62
66
62
49
113
49
113
39
103
39
103
34
106
34
106
43
134
43
134
52
145
170
115
177
100
177
100
183
100
183
100
179
128
179
128
175
136
175
136
163
145
43
101
43
71
42
65
46
39
46
37
74
12
80
12
112
2
116
5
142
10
148
15
169
38
170
42
178
56
178
56
177
96
152
188
154
207
154
207
215
241
68
180
67
204
67
204
2
242
66
108
94
109
127
110
150
107
128
93
143
86
143
86
154
91
65
92
75
87
75
87
92
94
110
95
112
130
97
137
122
136
88
169
129
167
