51
124
60
168
60
168
66
181
66
181
93
208
93
208
105
210
106
210
122
210
122
210
153
181
153
181
164
148
166
142
168
119
168
119
162
81
162
81
159
64
159
64
146
47
80
47
145
47
78
49
64
59
64
59
53
121
50
119
43
106
43
106
39
114
39
114
47
144
47
144
55
151
168
107
174
102
174
102
176
109
176
109
176
131
176
131
171
142
171
142
164
148
43
106
39
73
40
72
43
48
45
47
63
24
66
20
101
7
105
6
139
15
142
16
162
35
162
35
174
56
174
56
175
100
66
173
66
193
66
193
-2
227
157
175
158
194
158
194
222
230
71
110
92
113
123
112
148
109
124
97
139
97
139
97
154
100
64
100
75
96
75
96
92
100
107
99
111
134
100
139
119
142
93
170
128
168
