49
119
61
170
62
172
87
202
90
204
99
208
101
208
110
208
115
208
126
205
131
203
153
180
163
143
161
168
160
169
156
177
169
115
165
138
50
114
55
91
56
89
66
62
67
59
72
55
77
52
90
44
92
44
120
45
122
46
140
50
143
54
156
66
157
70
168
108
69
184
65
215
153
182
153
207
153
207
217
240
8
241
60
214
42
102
42
57
42
52
56
28
59
26
85
11
88
8
105
5
109
4
134
8
134
9
150
20
154
21
169
37
171
42
174
53
175
55
179
66
179
66
176
100
46
109
37
99
37
99
35
111
35
112
42
134
42
134
53
147
169
112
177
100
177
100
182
100
182
100
178
134
178
134
167
143
