97
107
76
105
133
108
154
107
114
101
113
135
98
138
129
138
92
167
136
168
53
102
61
53
61
53
73
30
75
30
115
22
115
22
150
30
151
30
165
47
165
47
177
104
52
105
56
148
56
148
63
173
63
173
86
191
86
191
113
208
113
208
143
196
143
196
166
182
166
182
176
149
176
149
179
108
51
102
45
105
45
105
55
148
180
106
190
112
190
113
176
152
50
99
44
65
44
65
63
32
63
32
71
16
71
16
116
6
116
6
153
14
153
14
173
38
175
39
188
74
188
74
182
104
70
179
63
195
64
196
-1
206
163
186
169
197
169
197
219
207
