100
106
79
105
127
105
145
104
112
100
113
128
99
132
128
131
95
157
135
156
60
105
64
64
64
64
80
42
80
42
112
31
112
31
140
41
140
41
155
59
155
59
164
113
58
107
61
145
61
145
71
170
71
170
93
182
94
182
114
188
114
188
141
180
141
180
161
164
161
164
165
141
165
139
164
115
59
105
47
102
47
102
61
147
163
106
176
97
176
98
166
142
47
99
45
66
45
66
57
41
57
41
78
26
78
26
110
17
110
17
139
25
139
25
160
40
161
40
178
66
178
66
176
94
70
174
66
188
66
189
3
208
151
174
157
187
157
187
222
208
