112
96
112
130
105
138
122
137
50
108
60
160
68
175
93
196
170
99
166
154
131
198
150
184
154
180
161
165
97
199
105
201
109
202
123
201
60
163
66
171
164
156
163
162
154
62
169
93
137
53
149
58
133
54
122
63
117
64
106
75
103
78
92
87
54
107
90
89
26
82
26
115
28
82
43
51
45
48
62
26
66
24
87
11
90
9
119
7
121
6
132
10
138
10
162
27
164
30
185
67
186
69
190
80
189
82
189
107
1
239
72
212
72
184
72
206
149
187
150
209
151
209
219
234
129
113
149
111
73
110
92
112
75
93
94
98
132
97
145
92
148
93
158
98
96
168
127
168
37
108
49
113
37
108
33
117
33
117
33
129
33
129
49
152
49
152
57
155
172
113
180
105
180
105
184
117
184
117
177
146
177
146
174
151
174
151
167
152
