93
102
69
104
122
98
148
98
107
88
108
127
91
131
129
130
83
157
108
153
108
153
138
153
83
157
107
173
107
173
137
154
48
106
40
72
40
72
53
32
53
32
99
7
99
7
147
17
147
17
170
41
170
41
176
91
50
106
49
79
49
79
62
42
62
42
103
36
103
36
145
37
145
37
162
72
162
72
170
103
51
109
61
159
61
159
83
192
83
192
112
208
112
208
141
189
141
189
163
157
163
157
169
103
50
108
35
96
35
98
49
145
49
145
55
134
171
102
181
88
181
88
177
136
177
136
167
128
68
178
54
199
54
199
1
221
159
183
173
204
173
204
219
217
68
181
70
196
70
196
111
234
123
228
157
191
