101
71
102
112
89
117
119
115
48
101
54
145
63
168
85
188
162
85
159
143
130
193
143
177
147
170
156
155
91
192
102
197
106
198
125
195
54
149
60
162
159
146
157
153
145
37
161
79
111
26
142
36
108
27
84
29
81
30
59
43
56
43
48
72
47
75
48
96
42
75
42
95
42
71
42
59
43
56
55
35
59
32
82
16
84
16
107
12
110
13
124
15
126
17
145
27
147
27
157
42
158
44
165
64
166
66
167
89
54
195
-2
208
57
160
57
191
156
158
158
194
158
195
220
217
120
91
143
93
64
94
87
94
72
70
86
76
119
71
134
67
137
69
147
77
85
146
129
140
46
98
40
94
40
94
39
101
39
101
42
104
42
104
42
123
42
123
49
137
163
95
170
87
170
87
172
91
172
91
173
98
173
97
168
127
168
127
162
128
