45
99
57
152
60
157
89
189
91
191
100
197
102
197
115
195
118
195
134
185
138
183
154
159
160
100
159
139
159
140
156
153
158
72
159
90
46
94
50
61
50
61
55
41
57
43
63
38
65
35
79
30
82
30
105
27
108
27
124
30
128
32
145
38
146
40
157
66
56
156
56
191
156
157
156
195
156
193
219
219
0
209
54
195
43
93
41
65
41
65
50
41
52
39
67
24
71
21
84
15
89
14
108
14
111
13
130
18
134
20
152
34
153
37
159
45
160
47
165
59
165
59
166
88
45
92
40
97
40
97
42
106
42
106
42
124
42
124
49
136
163
94
172
91
173
89
172
103
172
103
166
131
166
131
161
127
